(0,0,0) 0
(1,0,0) 0
(2,0,1) 0
(2,0,2) 0
(2,0,3) 0
(2,0,4) 0
(2,0,5) 0
(2,0,6) 0
(2,0,7) 0
(2,0,8) 0
(2,0,9) 0
(2,0,10) 0
(2,1,1) 0
(2,1,2) 0
(2,1,3) 0
(2,1,4) 0
(2,1,5) 0
(2,1,6) 0
(2,1,7) 0
(2,1,8) 0
(2,1,9) 0
(2,1,10) 0
(3,0,1) 0
(3,0,2) 0
(3,0,3) 0
(3,0,4) 0
(3,0,5) 0
(3,0,6) 0
(3,0,7) 0
(3,0,8) 0
(3,0,9) 0
(3,0,10) 0
(3,1,1) 0
(3,1,2) 0
(3,1,3) 0
(3,1,4) 0
(3,1,5) 0
(3,1,6) 0
(3,1,7) 0
(3,1,8) 0
(3,1,9) 0
(3,1,10) 0
(4,0,1) 0
(4,0,2) 0
(4,0,3) 0
(4,0,4) 0
(4,0,5) 0
(4,0,6) 0
(4,0,7) 0
(4,0,8) 0
(4,0,9) 0
(4,0,10) 0
(4,1,1) 0
(4,1,2) 0
(4,1,3) 0
(4,1,4) 0
(4,1,5) 0
(4,1,6) 0
(4,1,7) 0
(4,1,8) 0
(4,1,9) 0
(4,1,10) 0
(5,0,1) 0
(5,0,2) 0
(5,0,3) 0
(5,0,4) 0
(5,0,5) 0
(5,0,6) 0
(5,0,7) 0
(5,0,8) 0
(5,0,9) 0
(5,0,10) 0
(5,1,1) 0
(5,1,2) 0
(5,1,3) 0
(5,1,4) 0
(5,1,5) 0
(5,1,6) 0
(5,1,7) 0
(5,1,8) 0
(5,1,9) 0
(5,1,10) 0
(6,0,1) 0
(6,0,2) 0
(6,0,3) 0
(6,0,4) 0
(6,0,5) 0
(6,0,6) 0
(6,0,7) 0
(6,0,8) 0
(6,0,9) 0
(6,0,10) 0
(6,1,1) 0
(6,1,2) 0
(6,1,3) 0
(6,1,4) 0
(6,1,5) 0
(6,1,6) 0
(6,1,7) 0
(6,1,8) 0
(6,1,9) 0
(6,1,10) 0
(7,0,1) 0
(7,0,2) 0
(7,0,3) 0
(7,0,4) 0
(7,0,5) 0
(7,0,6) 0
(7,0,7) 0
(7,0,8) 0
(7,0,9) 0
(7,0,10) 0
(7,1,1) 0
(7,1,2) 0
(7,1,3) 0
(7,1,4) 0
(7,1,5) 0
(7,1,6) 0
(7,1,7) 0
(7,1,8) 0
(7,1,9) 0
(7,1,10) 0
(8,0,1) 0
(8,0,2) 0
(8,0,3) 0
(8,0,4) 0
(8,0,5) 0
(8,0,6) 0
(8,0,7) 0
(8,0,8) 0
(8,0,9) 0
(8,0,10) 0
(8,1,1) 0
(8,1,2) 0
(8,1,3) 0
(8,1,4) 0
(8,1,5) 0
(8,1,6) 0
(8,1,7) 0
(8,1,8) 0
(8,1,9) 0
(8,1,10) 0
(9,0,1) 0
(9,0,2) 0
(9,0,3) 0
(9,0,4) 0
(9,0,5) 0
(9,0,6) 0
(9,0,7) 0
(9,0,8) 0
(9,0,9) 0
(9,0,10) 0
(9,1,1) 0
(9,1,2) 0
(9,1,3) 0
(9,1,4) 0
(9,1,5) 0
(9,1,6) 0
(9,1,7) 0
(9,1,8) 0
(9,1,9) 0
(9,1,10) 0
(10,0,1) 0
(10,0,2) 0
(10,0,3) 0
(10,0,4) 0
(10,0,5) 0
(10,0,6) 0
(10,0,7) 0
(10,0,8) 0
(10,0,9) 0
(10,0,10) 0
(10,1,1) 0
(10,1,2) 0
(10,1,3) 0
(10,1,4) 0
(10,1,5) 0
(10,1,6) 0
(10,1,7) 0
(10,1,8) 0
(10,1,9) 0
(10,1,10) 0
(11,0,1) 0
(11,0,2) 0
(11,0,3) 0
(11,0,4) 0
(11,0,5) 0
(11,0,6) 0
(11,0,7) 0
(11,0,8) 0
(11,0,9) 0
(11,0,10) 0
(11,1,1) 0
(11,1,2) 0
(11,1,3) 0
(11,1,4) 0
(11,1,5) 0
(11,1,6) 0
(11,1,7) 0
(11,1,8) 0
(11,1,9) 0
(11,1,10) 0
(12,0,1) 0
(12,0,2) 0
(12,0,3) 0
(12,0,4) 0
(12,0,5) 0
(12,0,6) 0
(12,0,7) 0
(12,0,8) 0
(12,0,9) 0
(12,0,10) 0
(12,1,1) 0
(12,1,2) 0
(12,1,3) 0
(12,1,4) 0
(12,1,5) 0
(12,1,6) 0
(12,1,7) 0
(12,1,8) 0
(12,1,9) 0
(12,1,10) 0
(13,0,1) 0
(13,0,2) 0
(13,0,3) 0
(13,0,4) 0
(13,0,5) 0
(13,0,6) 0
(13,0,7) 0
(13,0,8) 0
(13,0,9) 0
(13,0,10) 0
(13,1,1) 0
(13,1,2) 0
(13,1,3) 0
(13,1,4) 0
(13,1,5) 0
(13,1,6) 0
(13,1,7) 0
(13,1,8) 0
(13,1,9) 0
(13,1,10) 0
(14,0,1) 0
(14,0,2) 0
(14,0,3) 0
(14,0,4) 0
(14,0,5) 0
(14,0,6) 0
(14,0,7) 0
(14,0,8) 0
(14,0,9) 0
(14,0,10) 0
(14,1,1) 0
(14,1,2) 0
(14,1,3) 0
(14,1,4) 0
(14,1,5) 0
(14,1,6) 0
(14,1,7) 0
(14,1,8) 0
(14,1,9) 0
(14,1,10) 0
(15,0,1) 0
(15,0,2) 0
(15,0,3) 0
(15,0,4) 0
(15,0,5) 0
(15,0,6) 0
(15,0,7) 0
(15,0,8) 0
(15,0,9) 0
(15,0,10) 0
(15,1,1) 0
(15,1,2) 0
(15,1,3) 0
(15,1,4) 0
(15,1,5) 0
(15,1,6) 0
(15,1,7) 0
(15,1,8) 0
(15,1,9) 0
(15,1,10) 0
(16,0,1) 0
(16,0,2) 0
(16,0,3) 0
(16,0,4) 0
(16,0,5) 0
(16,0,6) 0
(16,0,7) 0
(16,0,8) 0
(16,0,9) 0
(16,0,10) 0
(16,1,1) 0
(16,1,2) 0
(16,1,3) 0
(16,1,4) 0
(16,1,5) 0
(16,1,6) 0
(16,1,7) 0
(16,1,8) 0
(16,1,9) 0
(16,1,10) 0
(17,0,1) 0
(17,0,2) 0
(17,0,3) 0
(17,0,4) 0
(17,0,5) 0
(17,0,6) 0
(17,0,7) 0
(17,0,8) 0
(17,0,9) 0
(17,0,10) 0
(17,1,1) 0
(17,1,2) 0
(17,1,3) 0
(17,1,4) 0
(17,1,5) 0
(17,1,6) 0
(17,1,7) 0
(17,1,8) 0
(17,1,9) 0
(17,1,10) 0
(18,0,1) 0
(18,0,2) 0
(18,0,3) 0
(18,0,4) 0
(18,0,5) 0
(18,0,6) 0
(18,0,7) 0
(18,0,8) 0
(18,0,9) 0
(18,0,10) 0
(18,1,1) 0
(18,1,2) 0
(18,1,3) 0
(18,1,4) 0
(18,1,5) 0
(18,1,6) 0
(18,1,7) 0
(18,1,8) 0
(18,1,9) 0
(18,1,10) 0
(19,0,1) 0
(19,0,2) 0
(19,0,3) 0
(19,0,4) 0
(19,0,5) 0
(19,0,6) 0
(19,0,7) 0
(19,0,8) 0
(19,0,9) 0
(19,0,10) 0
(19,1,1) 0
(19,1,2) 0
(19,1,3) 0
(19,1,4) 0
(19,1,5) 0
(19,1,6) 0
(19,1,7) 0
(19,1,8) 0
(19,1,9) 0
(19,1,10) 0
(20,0,1) 0
(20,0,2) 0
(20,0,3) 0
(20,0,4) 0
(20,0,5) 0
(20,0,6) 0
(20,0,7) 0
(20,0,8) 0
(20,0,9) 0
(20,0,10) 0
(20,1,1) 0
(20,1,2) 0
(20,1,3) 0
(20,1,4) 0
(20,1,5) 0
(20,1,6) 0
(20,1,7) 0
(20,1,8) 0
(20,1,9) 0
(20,1,10) 0

(0,0,0) 0
(1,0,0) 0
(2,0,1) 0
(2,0,2) 0
(2,0,3) 0
(2,0,4) 0
(2,0,5) 0
(2,0,6) 0
(2,0,7) 0
(2,0,8) 0
(2,0,9) 0
(2,0,10) 0
(2,1,1) 0
(2,1,2) 0
(2,1,3) 0
(2,1,4) 0
(2,1,5) 0
(2,1,6) 0
(2,1,7) 0
(2,1,8) 0
(2,1,9) 0
(2,1,10) 0
(3,0,1) 0
(3,0,2) 0
(3,0,3) 0
(3,0,4) 0
(3,0,5) 0
(3,0,6) 0
(3,0,7) 0
(3,0,8) 0
(3,0,9) 0
(3,0,10) 0
(3,1,1) 0
(3,1,2) 0
(3,1,3) 0
(3,1,4) 0
(3,1,5) 0
(3,1,6) 0
(3,1,7) 0
(3,1,8) 0
(3,1,9) 0
(3,1,10) 0
(4,0,1) 0
(4,0,2) 0
(4,0,3) 0
(4,0,4) 0
(4,0,5) 0
(4,0,6) 0
(4,0,7) 0
(4,0,8) 0
(4,0,9) 0
(4,0,10) 0
(4,1,1) 0
(4,1,2) 0
(4,1,3) 0
(4,1,4) 0
(4,1,5) 0
(4,1,6) 0
(4,1,7) 0
(4,1,8) 0
(4,1,9) 0
(4,1,10) 0
(5,0,1) 0
(5,0,2) 0
(5,0,3) 0
(5,0,4) 0
(5,0,5) 0
(5,0,6) 0
(5,0,7) 0
(5,0,8) 0
(5,0,9) 0
(5,0,10) 0
(5,1,1) 0
(5,1,2) 0
(5,1,3) 0
(5,1,4) 0
(5,1,5) 0
(5,1,6) 0
(5,1,7) 0
(5,1,8) 0
(5,1,9) 0
(5,1,10) 0
(6,0,1) 0
(6,0,2) 0
(6,0,3) 0
(6,0,4) 0
(6,0,5) 0
(6,0,6) 0
(6,0,7) 0
(6,0,8) 0
(6,0,9) 0
(6,0,10) 0
(6,1,1) 0
(6,1,2) 0
(6,1,3) 0
(6,1,4) 0
(6,1,5) 0
(6,1,6) 0
(6,1,7) 0
(6,1,8) 0
(6,1,9) 0
(6,1,10) 0
(7,0,1) 0
(7,0,2) 0
(7,0,3) 0
(7,0,4) 0
(7,0,5) 0
(7,0,6) 0
(7,0,7) 0
(7,0,8) 0
(7,0,9) 0
(7,0,10) 0
(7,1,1) 0
(7,1,2) 0
(7,1,3) 0
(7,1,4) 0
(7,1,5) 0
(7,1,6) 0
(7,1,7) 0
(7,1,8) 0
(7,1,9) 0
(7,1,10) 0
(8,0,1) 0
(8,0,2) 0
(8,0,3) 0
(8,0,4) 0
(8,0,5) 0
(8,0,6) 0
(8,0,7) 0
(8,0,8) 0
(8,0,9) 0
(8,0,10) 0
(8,1,1) 0
(8,1,2) 0
(8,1,3) 0
(8,1,4) 0
(8,1,5) 0
(8,1,6) 0
(8,1,7) 0
(8,1,8) 0
(8,1,9) 0
(8,1,10) 0
(9,0,1) 0
(9,0,2) 0
(9,0,3) 0
(9,0,4) 0
(9,0,5) 0
(9,0,6) 0
(9,0,7) 0
(9,0,8) 0
(9,0,9) 0
(9,0,10) 0
(9,1,1) 0
(9,1,2) 0
(9,1,3) 0
(9,1,4) 0
(9,1,5) 0
(9,1,6) 0
(9,1,7) 0
(9,1,8) 0
(9,1,9) 0
(9,1,10) 0
(10,0,1) 0
(10,0,2) 0
(10,0,3) 0
(10,0,4) 0
(10,0,5) 0
(10,0,6) 0
(10,0,7) 0
(10,0,8) 0
(10,0,9) 0
(10,0,10) 0
(10,1,1) 0
(10,1,2) 0
(10,1,3) 0
(10,1,4) 0
(10,1,5) 0
(10,1,6) 0
(10,1,7) 0
(10,1,8) 0
(10,1,9) 0
(10,1,10) 0
(11,0,1) 0
(11,0,2) 0
(11,0,3) 0
(11,0,4) 0
(11,0,5) 0
(11,0,6) 0
(11,0,7) 0
(11,0,8) 0
(11,0,9) 0
(11,0,10) 0
(11,1,1) 0
(11,1,2) 0
(11,1,3) 0
(11,1,4) 0
(11,1,5) 0
(11,1,6) 0
(11,1,7) 0
(11,1,8) 0
(11,1,9) 0
(11,1,10) 0
(12,0,1) 0
(12,0,2) 0
(12,0,3) 0
(12,0,4) 0
(12,0,5) 0
(12,0,6) 0
(12,0,7) 0
(12,0,8) 0
(12,0,9) 0
(12,0,10) 0
(12,1,1) 0
(12,1,2) 0
(12,1,3) 0
(12,1,4) 0
(12,1,5) 0
(12,1,6) 0
(12,1,7) 0
(12,1,8) 0
(12,1,9) 0
(12,1,10) 0
(13,0,1) 0
(13,0,2) 0
(13,0,3) 0
(13,0,4) 0
(13,0,5) 0
(13,0,6) 0
(13,0,7) 0
(13,0,8) 0
(13,0,9) 0
(13,0,10) 0
(13,1,1) 0
(13,1,2) 0
(13,1,3) 0
(13,1,4) 0
(13,1,5) 0
(13,1,6) 0
(13,1,7) 0
(13,1,8) 0
(13,1,9) 0
(13,1,10) 0
(14,0,1) 0
(14,0,2) 0
(14,0,3) 0
(14,0,4) 0
(14,0,5) 0
(14,0,6) 0
(14,0,7) 0
(14,0,8) 0
(14,0,9) 0
(14,0,10) 0
(14,1,1) 0
(14,1,2) 0
(14,1,3) 0
(14,1,4) 0
(14,1,5) 0
(14,1,6) 0
(14,1,7) 0
(14,1,8) 0
(14,1,9) 0
(14,1,10) 0
(15,0,1) 0
(15,0,2) 0
(15,0,3) 0
(15,0,4) 0
(15,0,5) 0
(15,0,6) 0
(15,0,7) 0
(15,0,8) 0
(15,0,9) 0
(15,0,10) 0
(15,1,1) 0
(15,1,2) 0
(15,1,3) 0
(15,1,4) 0
(15,1,5) 0
(15,1,6) 0
(15,1,7) 0
(15,1,8) 0
(15,1,9) 0
(15,1,10) 0
(16,0,1) 0
(16,0,2) 0
(16,0,3) 0
(16,0,4) 0
(16,0,5) 0
(16,0,6) 0
(16,0,7) 0
(16,0,8) 0
(16,0,9) 0
(16,0,10) 0
(16,1,1) 0
(16,1,2) 0
(16,1,3) 0
(16,1,4) 0
(16,1,5) 0
(16,1,6) 0
(16,1,7) 0
(16,1,8) 0
(16,1,9) 0
(16,1,10) 0
(17,0,1) 0
(17,0,2) 0
(17,0,3) 0
(17,0,4) 0
(17,0,5) 0
(17,0,6) 0
(17,0,7) 0
(17,0,8) 0
(17,0,9) 0
(17,0,10) 0
(17,1,1) 0
(17,1,2) 0
(17,1,3) 0
(17,1,4) 0
(17,1,5) 0
(17,1,6) 0
(17,1,7) 0
(17,1,8) 0
(17,1,9) 0
(17,1,10) 0
(18,0,1) 0
(18,0,2) 0
(18,0,3) 0
(18,0,4) 0
(18,0,5) 0
(18,0,6) 0
(18,0,7) 0
(18,0,8) 0
(18,0,9) 0
(18,0,10) 0
(18,1,1) 0
(18,1,2) 0
(18,1,3) 0
(18,1,4) 0
(18,1,5) 0
(18,1,6) 0
(18,1,7) 0
(18,1,8) 0
(18,1,9) 0
(18,1,10) 0
(19,0,1) 0
(19,0,2) 0
(19,0,3) 0
(19,0,4) 0
(19,0,5) 0
(19,0,6) 0
(19,0,7) 0
(19,0,8) 0
(19,0,9) 0
(19,0,10) 0
(19,1,1) 0
(19,1,2) 0
(19,1,3) 0
(19,1,4) 0
(19,1,5) 0
(19,1,6) 0
(19,1,7) 0
(19,1,8) 0
(19,1,9) 0
(19,1,10) 0
(20,0,1) 0
(20,0,2) 0
(20,0,3) 0
(20,0,4) 0
(20,0,5) 0
(20,0,6) 0
(20,0,7) 0
(20,0,8) 0
(20,0,9) 0
(20,0,10) 0
(20,1,1) 0
(20,1,2) 0
(20,1,3) 0
(20,1,4) 0
(20,1,5) 0
(20,1,6) 0
(20,1,7) 0
(20,1,8) 0
(20,1,9) 0
(20,1,10) 0

(0,0,0) [0,0]
(1,0,0) [0,0]
(2,0,1) [0,0]
(2,0,2) [0,0]
(2,0,3) [0,0]
(2,0,4) [0,0]
(2,0,5) [0,0]
(2,0,6) [0,0]
(2,0,7) [0,0]
(2,0,8) [0,0]
(2,0,9) [0,0]
(2,0,10) [0,0]
(2,1,1) [np.float64(-0.10536251279223952),np.float64(-1.0)]
(2,1,2) [np.float64(-0.19054713605398124),np.float64(-1.0)]
(2,1,3) [np.float64(0.2611454804077439),np.float64(-1.0)]
(2,1,4) [np.float64(0.25078358359823955),np.float64(-1.0)]
(2,1,5) [np.float64(0.34815745272327103),np.float64(-1.0)]
(2,1,6) [np.float64(-0.13778164748105834),np.float64(-1.0)]
(2,1,7) [np.float64(0.08343245842569896),np.float64(-1.0)]
(2,1,8) [np.float64(0.1247611840410404),np.float64(-1.0)]
(2,1,9) [np.float64(0.002351388837391777),np.float64(-1.0)]
(2,1,10) [np.float64(-0.13171644739224536),np.float64(-1.0)]
(3,0,1) [0,0]
(3,0,2) [0,0]
(3,0,3) [0,0]
(3,0,4) [0,0]
(3,0,5) [0,0]
(3,0,6) [0,0]
(3,0,7) [0,0]
(3,0,8) [0,0]
(3,0,9) [0,0]
(3,0,10) [0,0]
(3,1,1) [np.float64(-0.27273564979343673),np.float64(-1.0)]
(3,1,2) [np.float64(-0.21087691144411855),np.float64(-0.9962950855399368)]
(3,1,3) [np.float64(-0.07086611500102181),np.float64(-1.0)]
(3,1,4) [np.float64(0.030416079523050803),np.float64(-1.0)]
(3,1,5) [np.float64(0.02606021939240538),np.float64(-1.0)]
(3,1,6) [np.float64(-0.06414865829095434),np.float64(-1.0)]
(3,1,7) [np.float64(-0.09039630890786071),np.float64(-1.0)]
(3,1,8) [np.float64(-0.12239785013977388),np.float64(-1.0)]
(3,1,9) [np.float64(-0.022817694530132722),np.float64(-0.7996496257365823)]
(3,1,10) [np.float64(-0.2371249227762074),np.float64(-0.8977117940212953)]
(4,0,1) [np.float64(-0.4728757414201986),np.float64(-1.0)]
(4,0,2) [np.float64(-0.20146559336433792),np.float64(-1.0)]
(4,0,3) [np.float64(-0.1916936776124181),np.float64(-1.0)]
(4,0,4) [np.float64(-0.25107456122875704),np.float64(-1.0)]
(4,0,5) [np.float64(-0.20974853433570165),np.float64(-1.0)]
(4,0,6) [np.float64(-0.18202592982723467),np.float64(-1.0)]
(4,0,7) [np.float64(-0.03579548981355717),np.float64(-1.0)]
(4,0,8) [np.float64(-0.2098993642001848),np.float64(-1.0)]
(4,0,9) [np.float64(-0.3008039300597697),np.float64(-1.0)]
(4,0,10) [np.float64(-0.41707098469137643),np.float64(-1.0)]
(4,1,1) [np.float64(-0.5127051323070368),np.float64(-1.0)]
(4,1,2) [np.float64(-0.06977592733925728),np.float64(-0.5069140309145692)]
(4,1,3) [np.float64(-0.154025338758014),np.float64(-1.0)]
(4,1,4) [np.float64(0.39100917363892845),np.float64(-0.7958031973024478)]
(4,1,5) [np.float64(-0.06883781203747474),np.float64(-1.0)]
(4,1,6) [np.float64(-0.0005797465465663034),np.float64(-1.0)]
(4,1,7) [np.float64(0.18192132576370576),np.float64(-1.0)]
(4,1,8) [np.float64(-0.039752321381642725),np.float64(-0.9995002498750625)]
(4,1,9) [np.float64(-0.28775972954745926),np.float64(-1.0)]
(4,1,10) [np.float64(-0.1832292979976863),np.float64(-0.8969454445785429)]
(5,0,1) [np.float64(-0.5293278225081831),np.float64(-1.0)]
(5,0,2) [np.float64(-0.28051637458293976),np.float64(-1.0)]
(5,0,3) [np.float64(-0.28321205404519395),np.float64(-1.0)]
(5,0,4) [np.float64(-0.2062639691890553),np.float64(-1.0)]
(5,0,5) [np.float64(-0.2462050893469969),np.float64(-1.0)]
(5,0,6) [np.float64(-0.17503994524359975),np.float64(-1.0)]
(5,0,7) [np.float64(-0.281549506020964),np.float64(-1.0)]
(5,0,8) [np.float64(-0.17724408819714121),np.float64(-1.0)]
(5,0,9) [np.float64(-0.26688932793214515),np.float64(-1.0)]
(5,0,10) [np.float64(-0.403338024256943),np.float64(-1.0)]
(5,1,1) [np.float64(-0.4244093051846869),np.float64(-0.9716202270381837)]
(5,1,2) [np.float64(0.031450121853841106),np.float64(-0.9592473924328159)]
(5,1,3) [np.float64(-0.20550284229584861),np.float64(-0.5631238623148347)]
(5,1,4) [np.float64(-0.1971599278180226),np.float64(-0.8390766771326311)]
(5,1,5) [np.float64(0.19294841515678363),np.float64(-0.998338842274769)]
(5,1,6) [np.float64(0.1539930242237855),np.float64(-0.9996479493046999)]
(5,1,7) [np.float64(0.027094048686801937),np.float64(-0.35143935215910616)]
(5,1,8) [np.float64(-0.17402731997465615),np.float64(-0.9981154933369228)]
(5,1,9) [np.float64(-0.2573639302897893),np.float64(-1.0)]
(5,1,10) [np.float64(-0.27180679305082517),np.float64(-0.9901903403020927)]
(6,0,1) [np.float64(-0.4840492524929647),np.float64(-1.0)]
(6,0,2) [np.float64(-0.2209069118623859),np.float64(-1.0)]
(6,0,3) [np.float64(-0.2567299868214144),np.float64(-1.0)]
(6,0,4) [np.float64(-0.10126452700749855),np.float64(-1.0)]
(6,0,5) [np.float64(-0.19265079542018268),np.float64(-1.0)]
(6,0,6) [np.float64(-0.209098417007435),np.float64(-1.0)]
(6,0,7) [np.float64(-0.1595976864982663),np.float64(-1.0)]
(6,0,8) [np.float64(-0.19600529708021483),np.float64(-1.0)]
(6,0,9) [np.float64(-0.4137007229385286),np.float64(-1.0)]
(6,0,10) [np.float64(-0.42137221352630266),np.float64(-1.0)]
(6,1,1) [np.float64(-0.38399042846121934),np.float64(-0.9609099475030287)]
(6,1,2) [np.float64(0.07662455412859301),np.float64(-0.07938780871738876)]
(6,1,3) [np.float64(-0.240739254217537),np.float64(-0.9238579315668755)]
(6,1,4) [np.float64(-0.11987548905353156),np.float64(-0.9514573908166586)]
(6,1,5) [np.float64(-0.2516000325350794),np.float64(0.19352447186263227)]
(6,1,6) [np.float64(-0.2841618862470172),np.float64(-0.8199780739040047)]
(6,1,7) [np.float64(0.00736518757398995),np.float64(-0.0835525303591817)]
(6,1,8) [np.float64(-0.0387909326209013),np.float64(-0.5113113418476867)]
(6,1,9) [np.float64(-0.054758030035199724),np.float64(-0.48505981014664845)]
(6,1,10) [np.float64(-0.28864053877392654),np.float64(-0.8238553944107968)]
(7,0,1) [np.float64(-0.5227449835121768),np.float64(-1.0)]
(7,0,2) [np.float64(-0.1799726236752123),np.float64(-1.0)]
(7,0,3) [np.float64(-0.2170029811415691),np.float64(-1.0)]
(7,0,4) [np.float64(-0.12328028290467656),np.float64(-1.0)]
(7,0,5) [np.float64(-0.15902554081257944),np.float64(-1.0)]
(7,0,6) [np.float64(-0.1515246535492766),np.float64(-1.0)]
(7,0,7) [np.float64(-0.05669195610342971),np.float64(-1.0)]
(7,0,8) [np.float64(-0.32216261687289444),np.float64(-1.0)]
(7,0,9) [np.float64(-0.34364649832650407),np.float64(-1.0)]
(7,0,10) [np.float64(-0.4015136477497297),np.float64(-1.0)]
(7,1,1) [np.float64(-0.25105220526311595),np.float64(-0.6863948977892006)]
(7,1,2) [np.float64(-0.2548129207265501),np.float64(-0.892754033101764)]
(7,1,3) [np.float64(-0.15106786974686773),np.float64(-0.9512292436777563)]
(7,1,4) [np.float64(0.08066100361645656),np.float64(-0.5400848002807166)]
(7,1,5) [np.float64(-0.004973056375897636),np.float64(-0.5679390478152088)]
(7,1,6) [np.float64(0.04059451424654798),np.float64(0.08331423267954052)]
(7,1,7) [np.float64(-0.05699907827135878),np.float64(-0.1754172686254084)]
(7,1,8) [np.float64(-0.0414546803750003),np.float64(-0.6498651773014592)]
(7,1,9) [np.float64(-0.4245561814302556),np.float64(-0.9815281098733301)]
(7,1,10) [np.float64(-0.26024122730159915),np.float64(-0.6552132993523121)]
(8,0,1) [np.float64(-0.5321224052803157),np.float64(-1.0)]
(8,0,2) [np.float64(-0.1894131282971479),np.float64(-1.0)]
(8,0,3) [np.float64(-0.20562417281995302),np.float64(-1.0)]
(8,0,4) [np.float64(0.01668245037449244),np.float64(-1.0)]
(8,0,5) [np.float64(-0.11560008992187026),np.float64(-1.0)]
(8,0,6) [np.float64(-0.02473287343723659),np.float64(-1.0)]
(8,0,7) [np.float64(-0.09775350599390786),np.float64(-1.0)]
(8,0,8) [np.float64(-0.17632106442193474),np.float64(-1.0)]
(8,0,9) [np.float64(-0.3664574336604738),np.float64(-1.0)]
(8,0,10) [np.float64(-0.3469447154570257),np.float64(-1.0)]
(8,1,1) [np.float64(-0.39285493107993813),np.float64(-0.36423896757273716)]
(8,1,2) [np.float64(0.04547746525823965),np.float64(-0.03954795362981173)]
(8,1,3) [np.float64(0.07497042260181595),np.float64(-0.07054911847941692)]
(8,1,4) [np.float64(-0.2007420315292992),np.float64(-0.3777771370758297)]
(8,1,5) [np.float64(-0.10549856205935995),np.float64(-0.09068398878972722)]
(8,1,6) [np.float64(0.043903981278175686),np.float64(-0.11587566248666709)]
(8,1,7) [np.float64(0.160226953302078),np.float64(0.5264489184419292)]
(8,1,8) [np.float64(0.05429895179425514),np.float64(-0.006600727560813535)]
(8,1,9) [np.float64(-0.3306617202703604),np.float64(-0.611847570014114)]
(8,1,10) [np.float64(-0.32249365135871805),np.float64(-0.6224381654950594)]
(9,0,1) [np.float64(-0.4201009974038207),np.float64(-1.0)]
(9,0,2) [np.float64(-0.07002297755878385),np.float64(-1.0)]
(9,0,3) [np.float64(-0.1006288606300926),np.float64(-1.0)]
(9,0,4) [np.float64(0.08892981937654365),np.float64(-1.0)]
(9,0,5) [np.float64(0.017859019386693015),np.float64(-1.0)]
(9,0,6) [np.float64(0.044294292326965995),np.float64(-1.0)]
(9,0,7) [np.float64(0.10843756262342094),np.float64(-1.0)]
(9,0,8) [np.float64(-0.0436742267428234),np.float64(-1.0)]
(9,0,9) [np.float64(-0.27120204839533646),np.float64(-1.0)]
(9,0,10) [np.float64(-0.33891244584288815),np.float64(-1.0)]
(9,1,1) [np.float64(-0.5941438434159905),np.float64(-0.6220938647545972)]
(9,1,2) [np.float64(0.12813289897447377),np.float64(-0.06518199306718017)]
(9,1,3) [np.float64(-0.2793981057223289),np.float64(-0.037744783110259306)]
(9,1,4) [np.float64(0.046256817371282864),np.float64(0.2372854287176831)]
(9,1,5) [np.float64(0.07436506623324757),np.float64(0.027908234926311615)]
(9,1,6) [np.float64(0.11760893432359754),np.float64(0.7933564228842852)]
(9,1,7) [np.float64(-0.10179859709228119),np.float64(0.157409001310851)]
(9,1,8) [np.float64(0.3632213037745376),np.float64(0.46716023764457)]
(9,1,9) [np.float64(-0.15627055977110166),np.float64(-0.4643678271958495)]
(9,1,10) [np.float64(-0.3311817438088524),np.float64(0.027375475559001307)]
(10,0,1) [np.float64(-0.25368285899252374),np.float64(-1.0)]
(10,0,2) [np.float64(0.03643616183270378),np.float64(-1.0)]
(10,0,3) [np.float64(0.03395884363949101),np.float64(-1.0)]
(10,0,4) [np.float64(0.07258612664831791),np.float64(-1.0)]
(10,0,5) [np.float64(0.1217159707894275),np.float64(-1.0)]
(10,0,6) [np.float64(0.19733716148592578),np.float64(-1.0)]
(10,0,7) [np.float64(0.04377899317112503),np.float64(-1.0)]
(10,0,8) [np.float64(0.0034079039541305423),np.float64(-1.0)]
(10,0,9) [np.float64(-0.030061345972224505),np.float64(-1.0)]
(10,0,10) [np.float64(-0.18903858188372086),np.float64(-1.0)]
(10,1,1) [np.float64(-0.332058158757236),np.float64(0.3858353094562015)]
(10,1,2) [np.float64(0.08175792472715082),np.float64(0.7227420752273651)]
(10,1,3) [np.float64(0.2000729403847582),np.float64(0.811993848670698)]
(10,1,4) [np.float64(-0.05483902282798975),np.float64(0.6230347004232787)]
(10,1,5) [np.float64(-0.003730561755894042),np.float64(0.9424743897712339)]
(10,1,6) [np.float64(0.26485492748672207),np.float64(0.7483698924530888)]
(10,1,7) [np.float64(0.4483712948251636),np.float64(0.6648793325423235)]
(10,1,8) [np.float64(-0.04220454604058087),np.float64(0.6083896095992095)]
(10,1,9) [np.float64(0.03302261954607854),np.float64(0.8958069504206331)]
(10,1,10) [np.float64(-0.11080465192037567),np.float64(0.05941042030713136)]
(11,0,1) [np.float64(-0.2596859228403581),np.float64(-1.0)]
(11,0,2) [np.float64(0.131338996578754),np.float64(-1.0)]
(11,0,3) [np.float64(0.24114039928150033),np.float64(-1.0)]
(11,0,4) [np.float64(0.28284606361364534),np.float64(-1.0)]
(11,0,5) [np.float64(0.38514902003786755),np.float64(-1.0)]
(11,0,6) [np.float64(0.23850944556325893),np.float64(-1.0)]
(11,0,7) [np.float64(0.21925512008589),np.float64(-1.0)]
(11,0,8) [np.float64(0.13189889415953376),np.float64(-1.0)]
(11,0,9) [np.float64(0.22614652664574636),np.float64(-1.0)]
(11,0,10) [np.float64(0.012670915765119695),np.float64(-1.0)]
(11,1,1) [0,0]
(11,1,2) [0,0]
(11,1,3) [0,0]
(11,1,4) [0,0]
(11,1,5) [0,0]
(11,1,6) [0,0]
(11,1,7) [0,0]
(11,1,8) [0,0]
(11,1,9) [0,0]
(11,1,10) [0,0]
(12,0,1) [np.float64(-0.49411637414264353),np.float64(-1.0)]
(12,0,2) [np.float64(-0.26993577311016437),np.float64(-1.0)]
(12,0,3) [np.float64(-0.2797393033449822),np.float64(-1.0)]
(12,0,4) [np.float64(-0.27925548570594194),np.float64(-1.0)]
(12,0,5) [np.float64(-0.3423562666243295),np.float64(-1.0)]
(12,0,6) [np.float64(-0.23053808036204626),np.float64(-1.0)]
(12,0,7) [np.float64(-0.2634851486164907),np.float64(-1.0)]
(12,0,8) [np.float64(-0.2435888426318844),np.float64(-1.0)]
(12,0,9) [np.float64(-0.4396274309679013),np.float64(-1.0)]
(12,0,10) [np.float64(-0.48641514230779154),np.float64(-1.0)]
(12,1,1) [0,0]
(12,1,2) [0,0]
(12,1,3) [0,0]
(12,1,4) [0,0]
(12,1,5) [0,0]
(12,1,6) [0,0]
(12,1,7) [0,0]
(12,1,8) [0,0]
(12,1,9) [0,0]
(12,1,10) [0,0]
(13,0,1) [np.float64(-0.5828902566514851),np.float64(-1.0)]
(13,0,2) [np.float64(-0.40260269479115646),np.float64(-0.8827395831502577)]
(13,0,3) [np.float64(-0.40158466270437515),np.float64(-0.9390907013235413)]
(13,0,4) [np.float64(-0.3008218128607489),np.float64(-0.9111878299683565)]
(13,0,5) [np.float64(-0.35248026326688364),np.float64(-0.9890599766071507)]
(13,0,6) [np.float64(-0.3103388168903189),np.float64(-0.9432755970361628)]
(13,0,7) [np.float64(-0.35796833907901726),np.float64(-0.9853591395143617)]
(13,0,8) [np.float64(-0.3989899822996856),np.float64(-0.8933867756695026)]
(13,0,9) [np.float64(-0.4391611767290835),np.float64(-0.9999945977293102)]
(13,0,10) [np.float64(-0.5204782734113774),np.float64(-0.9508547757924499)]
(13,1,1) [0,0]
(13,1,2) [0,0]
(13,1,3) [0,0]
(13,1,4) [0,0]
(13,1,5) [0,0]
(13,1,6) [0,0]
(13,1,7) [0,0]
(13,1,8) [0,0]
(13,1,9) [0,0]
(13,1,10) [0,0]
(14,0,1) [np.float64(-0.5497488238130316),np.float64(-0.989185615177418)]
(14,0,2) [np.float64(-0.3958740982407727),np.float64(-0.8088635174317091)]
(14,0,3) [np.float64(-0.4585709736665251),np.float64(-0.5465011385475174)]
(14,0,4) [np.float64(-0.3952073800025655),np.float64(-0.7231509730971181)]
(14,0,5) [np.float64(-0.3024060903885717),np.float64(-0.9996428660310459)]
(14,0,6) [np.float64(-0.32496685337988235),np.float64(-0.8918342837724087)]
(14,0,7) [np.float64(-0.2961371831715832),np.float64(-0.8135120611604219)]
(14,0,8) [np.float64(-0.463181790052477),np.float64(-0.8441574804752981)]
(14,0,9) [np.float64(-0.34378119037233745),np.float64(-0.7763387399220707)]
(14,0,10) [np.float64(-0.5660712527963888),np.float64(-0.9554137119200778)]
(14,1,1) [0,0]
(14,1,2) [0,0]
(14,1,3) [0,0]
(14,1,4) [0,0]
(14,1,5) [0,0]
(14,1,6) [0,0]
(14,1,7) [0,0]
(14,1,8) [0,0]
(14,1,9) [0,0]
(14,1,10) [0,0]
(15,0,1) [np.float64(-0.687979108124193),np.float64(-0.9236198808094831)]
(15,0,2) [np.float64(-0.377027402626284),np.float64(-0.6889341815991599)]
(15,0,3) [np.float64(-0.447772303660142),np.float64(-0.5953039479770124)]
(15,0,4) [np.float64(-0.526365740276399),np.float64(-0.3906290184917891)]
(15,0,5) [np.float64(-0.4321217939037572),np.float64(-0.8072696936007537)]
(15,0,6) [np.float64(-0.3706183265104546),np.float64(-0.6858714598831253)]
(15,0,7) [np.float64(-0.3255791375075475),np.float64(-0.6354234718848842)]
(15,0,8) [np.float64(-0.35266444801115654),np.float64(-0.8448827491607043)]
(15,0,9) [np.float64(-0.4374204835798407),np.float64(-0.8293202982166687)]
(15,0,10) [np.float64(-0.5587414050563791),np.float64(-0.820779593022134)]
(15,1,1) [0,0]
(15,1,2) [0,0]
(15,1,3) [0,0]
(15,1,4) [0,0]
(15,1,5) [0,0]
(15,1,6) [0,0]
(15,1,7) [0,0]
(15,1,8) [0,0]
(15,1,9) [0,0]
(15,1,10) [0,0]
(16,0,1) [np.float64(-0.680070285051797),np.float64(-0.7486375081345886)]
(16,0,2) [np.float64(-0.6831625881557434),np.float64(-0.5242844540955844)]
(16,0,3) [np.float64(-0.5470285805992252),np.float64(-0.42347998172456175)]
(16,0,4) [np.float64(-0.5419398756819199),np.float64(-0.40632207239486634)]
(16,0,5) [np.float64(-0.4737265931621963),np.float64(-0.38982913941669944)]
(16,0,6) [np.float64(-0.33912692523593574),np.float64(-0.5713050178835465)]
(16,0,7) [np.float64(-0.4685373754970638),np.float64(-0.6553475290495617)]
(16,0,8) [np.float64(-0.4731557576371508),np.float64(-0.6082079279847208)]
(16,0,9) [np.float64(-0.5336841332916333),np.float64(-0.6738870781396685)]
(16,0,10) [np.float64(-0.5994728856835068),np.float64(-0.7721220637270177)]
(16,1,1) [0,0]
(16,1,2) [0,0]
(16,1,3) [0,0]
(16,1,4) [0,0]
(16,1,5) [0,0]
(16,1,6) [0,0]
(16,1,7) [0,0]
(16,1,8) [0,0]
(16,1,9) [0,0]
(16,1,10) [0,0]
(17,0,1) [np.float64(-0.6324130609548803),np.float64(-0.9050950077171968)]
(17,0,2) [np.float64(-0.6495514917778643),np.float64(-0.20070954504918165)]
(17,0,3) [np.float64(-0.4374497805597074),np.float64(-0.30384753742232945)]
(17,0,4) [np.float64(-0.6625847541944667),np.float64(-0.10992534716878398)]
(17,0,5) [np.float64(-0.49843507618716454),np.float64(-0.30881255023865833)]
(17,0,6) [np.float64(-0.3829653189909504),np.float64(-0.18750400032619138)]
(17,0,7) [np.float64(-0.5076913796094263),np.float64(-0.4329603784904232)]
(17,0,8) [np.float64(-0.4795879629579534),np.float64(-0.6449782852099714)]
(17,0,9) [np.float64(-0.6762515438806399),np.float64(-0.7920113940643051)]
(17,0,10) [np.float64(-0.6036973574634805),np.float64(-0.5931760699800542)]
(17,1,1) [0,0]
(17,1,2) [0,0]
(17,1,3) [0,0]
(17,1,4) [0,0]
(17,1,5) [0,0]
(17,1,6) [0,0]
(17,1,7) [0,0]
(17,1,8) [0,0]
(17,1,9) [0,0]
(17,1,10) [0,0]
(18,0,1) [np.float64(-0.7162179602663683),np.float64(-0.6271034242624005)]
(18,0,2) [np.float64(-0.5629382634139974),np.float64(-0.14525754331969185)]
(18,0,3) [np.float64(-0.8056786156015365),np.float64(0.061816053822456626)]
(18,0,4) [np.float64(-0.7844038846163972),np.float64(0.16483108196707055)]
(18,0,5) [np.float64(-0.8166463448108929),np.float64(0.05670405606597219)]
(18,0,6) [np.float64(-0.5174615571002509),np.float64(0.16824568223654696)]
(18,0,7) [np.float64(-0.7233286287809777),np.float64(0.23576957818119715)]
(18,0,8) [np.float64(-0.44681330857982193),np.float64(-0.29562261167644643)]
(18,0,9) [np.float64(-0.5503033488721815),np.float64(-0.42676836425306625)]
(18,0,10) [np.float64(-0.7175330677421023),np.float64(-0.3499804503751691)]
(18,1,1) [0,0]
(18,1,2) [0,0]
(18,1,3) [0,0]
(18,1,4) [0,0]
(18,1,5) [0,0]
(18,1,6) [0,0]
(18,1,7) [0,0]
(18,1,8) [0,0]
(18,1,9) [0,0]
(18,1,10) [0,0]
(19,0,1) [np.float64(-0.8870366202949274),np.float64(-0.17352182562860405)]
(19,0,2) [np.float64(-0.7582307872805025),np.float64(0.2645017752928481)]
(19,0,3) [np.float64(-0.7988782826521156),np.float64(0.198379479702124)]
(19,0,4) [np.float64(-0.7534510736535405),np.float64(0.1978290000359824)]
(19,0,5) [np.float64(-0.6180868484231042),np.float64(0.35584178978662795)]
(19,0,6) [np.float64(-0.9061057303207017),np.float64(0.31210994539206016)]
(19,0,7) [np.float64(-0.578322645210825),np.float64(0.5567000893930798)]
(19,0,8) [np.float64(-0.7808945894058276),np.float64(0.3401459851564984)]
(19,0,9) [np.float64(-0.6690375795908351),np.float64(0.11188730980787956)]
(19,0,10) [np.float64(-0.7703175746513355),np.float64(-0.15228705837198575)]
(19,1,1) [0,0]
(19,1,2) [0,0]
(19,1,3) [0,0]
(19,1,4) [0,0]
(19,1,5) [0,0]
(19,1,6) [0,0]
(19,1,7) [0,0]
(19,1,8) [0,0]
(19,1,9) [0,0]
(19,1,10) [0,0]
(20,0,1) [np.float64(-0.9141124591912247),np.float64(0.10405246981950508)]
(20,0,2) [np.float64(-0.7583541533826779),np.float64(0.40900648380054977)]
(20,0,3) [np.float64(-0.8688677653522675),np.float64(0.5734453439017253)]
(20,0,4) [np.float64(-0.94605267468509),np.float64(0.4505931674426755)]
(20,0,5) [np.float64(-0.7778881598648227),np.float64(0.566920929704936)]
(20,0,6) [np.float64(-0.8249590948737191),np.float64(0.6635691839916703)]
(20,0,7) [np.float64(-0.7503761169635956),np.float64(0.593178564618756)]
(20,0,8) [np.float64(-0.8164834858716677),np.float64(0.8181835805321198)]
(20,0,9) [np.float64(-0.8317744858745965),np.float64(0.5726812549226546)]
(20,0,10) [np.float64(-0.8064299880211251),np.float64(0.047216028021948936)]
(20,1,1) [0,0]
(20,1,2) [0,0]
(20,1,3) [0,0]
(20,1,4) [0,0]
(20,1,5) [0,0]
(20,1,6) [0,0]
(20,1,7) [0,0]
(20,1,8) [0,0]
(20,1,9) [0,0]
(20,1,10) [0,0]

(0,0,0) 0
(1,0,0) 0
(2,0,1) 0
(2,0,2) 0
(2,0,3) 0
(2,0,4) 0
(2,0,5) 0
(2,0,6) 0
(2,0,7) 0
(2,0,8) 0
(2,0,9) 0
(2,0,10) 0
(2,1,1) 0
(2,1,2) 0
(2,1,3) 0
(2,1,4) 0
(2,1,5) 0
(2,1,6) 0
(2,1,7) 0
(2,1,8) 0
(2,1,9) 0
(2,1,10) 0
(3,0,1) 0
(3,0,2) 0
(3,0,3) 0
(3,0,4) 0
(3,0,5) 0
(3,0,6) 0
(3,0,7) 0
(3,0,8) 0
(3,0,9) 0
(3,0,10) 0
(3,1,1) 0
(3,1,2) 0
(3,1,3) 0
(3,1,4) 0
(3,1,5) 0
(3,1,6) 0
(3,1,7) 0
(3,1,8) 0
(3,1,9) 0
(3,1,10) 0
(4,0,1) 0
(4,0,2) 0
(4,0,3) 0
(4,0,4) 0
(4,0,5) 0
(4,0,6) 0
(4,0,7) 0
(4,0,8) 0
(4,0,9) 0
(4,0,10) 0
(4,1,1) 0
(4,1,2) 0
(4,1,3) 0
(4,1,4) 0
(4,1,5) 0
(4,1,6) 0
(4,1,7) 0
(4,1,8) 0
(4,1,9) 0
(4,1,10) 0
(5,0,1) 0
(5,0,2) 0
(5,0,3) 0
(5,0,4) 0
(5,0,5) 0
(5,0,6) 0
(5,0,7) 0
(5,0,8) 0
(5,0,9) 0
(5,0,10) 0
(5,1,1) 0
(5,1,2) 0
(5,1,3) 0
(5,1,4) 0
(5,1,5) 0
(5,1,6) 0
(5,1,7) 0
(5,1,8) 0
(5,1,9) 0
(5,1,10) 0
(6,0,1) 0
(6,0,2) 0
(6,0,3) 0
(6,0,4) 0
(6,0,5) 0
(6,0,6) 0
(6,0,7) 0
(6,0,8) 0
(6,0,9) 0
(6,0,10) 0
(6,1,1) 0
(6,1,2) 0
(6,1,3) 0
(6,1,4) 0
(6,1,5) 0
(6,1,6) 0
(6,1,7) 0
(6,1,8) 0
(6,1,9) 0
(6,1,10) 0
(7,0,1) 0
(7,0,2) 0
(7,0,3) 0
(7,0,4) 0
(7,0,5) 0
(7,0,6) 0
(7,0,7) 0
(7,0,8) 0
(7,0,9) 0
(7,0,10) 0
(7,1,1) 0
(7,1,2) 0
(7,1,3) 0
(7,1,4) 0
(7,1,5) 0
(7,1,6) 0
(7,1,7) 0
(7,1,8) 0
(7,1,9) 0
(7,1,10) 0
(8,0,1) 0
(8,0,2) 0
(8,0,3) 0
(8,0,4) 0
(8,0,5) 0
(8,0,6) 0
(8,0,7) 0
(8,0,8) 0
(8,0,9) 0
(8,0,10) 0
(8,1,1) 0
(8,1,2) 0
(8,1,3) 0
(8,1,4) 0
(8,1,5) 0
(8,1,6) 0
(8,1,7) 0
(8,1,8) 0
(8,1,9) 0
(8,1,10) 0
(9,0,1) 0
(9,0,2) 0
(9,0,3) 0
(9,0,4) 0
(9,0,5) 0
(9,0,6) 0
(9,0,7) 0
(9,0,8) 0
(9,0,9) 0
(9,0,10) 0
(9,1,1) 0
(9,1,2) 0
(9,1,3) 0
(9,1,4) 0
(9,1,5) 0
(9,1,6) 0
(9,1,7) 0
(9,1,8) 0
(9,1,9) 0
(9,1,10) 0
(10,0,1) 0
(10,0,2) 0
(10,0,3) 0
(10,0,4) 0
(10,0,5) 0
(10,0,6) 0
(10,0,7) 0
(10,0,8) 0
(10,0,9) 0
(10,0,10) 0
(10,1,1) 0
(10,1,2) 0
(10,1,3) 0
(10,1,4) 0
(10,1,5) 0
(10,1,6) 0
(10,1,7) 0
(10,1,8) 0
(10,1,9) 0
(10,1,10) 0
(11,0,1) 0
(11,0,2) 0
(11,0,3) 0
(11,0,4) 0
(11,0,5) 0
(11,0,6) 0
(11,0,7) 0
(11,0,8) 0
(11,0,9) 0
(11,0,10) 0
(11,1,1) 0
(11,1,2) 0
(11,1,3) 0
(11,1,4) 0
(11,1,5) 0
(11,1,6) 0
(11,1,7) 0
(11,1,8) 0
(11,1,9) 0
(11,1,10) 0
(12,0,1) 0
(12,0,2) 0
(12,0,3) 0
(12,0,4) 0
(12,0,5) 0
(12,0,6) 0
(12,0,7) 0
(12,0,8) 0
(12,0,9) 0
(12,0,10) 0
(12,1,1) 0
(12,1,2) 0
(12,1,3) 0
(12,1,4) 0
(12,1,5) 0
(12,1,6) 0
(12,1,7) 0
(12,1,8) 0
(12,1,9) 0
(12,1,10) 0
(13,0,1) 0
(13,0,2) 0
(13,0,3) 0
(13,0,4) 0
(13,0,5) 0
(13,0,6) 0
(13,0,7) 0
(13,0,8) 0
(13,0,9) 0
(13,0,10) 0
(13,1,1) 0
(13,1,2) 0
(13,1,3) 0
(13,1,4) 0
(13,1,5) 0
(13,1,6) 0
(13,1,7) 0
(13,1,8) 0
(13,1,9) 0
(13,1,10) 0
(14,0,1) 0
(14,0,2) 0
(14,0,3) 0
(14,0,4) 0
(14,0,5) 0
(14,0,6) 0
(14,0,7) 0
(14,0,8) 0
(14,0,9) 0
(14,0,10) 0
(14,1,1) 0
(14,1,2) 0
(14,1,3) 0
(14,1,4) 0
(14,1,5) 0
(14,1,6) 0
(14,1,7) 0
(14,1,8) 0
(14,1,9) 0
(14,1,10) 0
(15,0,1) 0
(15,0,2) 0
(15,0,3) 0
(15,0,4) 0
(15,0,5) 0
(15,0,6) 0
(15,0,7) 0
(15,0,8) 0
(15,0,9) 0
(15,0,10) 0
(15,1,1) 0
(15,1,2) 0
(15,1,3) 0
(15,1,4) 0
(15,1,5) 0
(15,1,6) 0
(15,1,7) 0
(15,1,8) 0
(15,1,9) 0
(15,1,10) 0
(16,0,1) 0
(16,0,2) 0
(16,0,3) 0
(16,0,4) 0
(16,0,5) 0
(16,0,6) 0
(16,0,7) 0
(16,0,8) 0
(16,0,9) 0
(16,0,10) 0
(16,1,1) 0
(16,1,2) 0
(16,1,3) 0
(16,1,4) 0
(16,1,5) 0
(16,1,6) 0
(16,1,7) 0
(16,1,8) 0
(16,1,9) 0
(16,1,10) 0
(17,0,1) 0
(17,0,2) 0
(17,0,3) 0
(17,0,4) 0
(17,0,5) 0
(17,0,6) 0
(17,0,7) 0
(17,0,8) 0
(17,0,9) 0
(17,0,10) 0
(17,1,1) 0
(17,1,2) 0
(17,1,3) 0
(17,1,4) 0
(17,1,5) 0
(17,1,6) 0
(17,1,7) 0
(17,1,8) 0
(17,1,9) 0
(17,1,10) 0
(18,0,1) 0
(18,0,2) 0
(18,0,3) 0
(18,0,4) 0
(18,0,5) 0
(18,0,6) 0
(18,0,7) 0
(18,0,8) 0
(18,0,9) 0
(18,0,10) 0
(18,1,1) 0
(18,1,2) 0
(18,1,3) 0
(18,1,4) 0
(18,1,5) 0
(18,1,6) 0
(18,1,7) 0
(18,1,8) 0
(18,1,9) 0
(18,1,10) 0
(19,0,1) 0
(19,0,2) 0
(19,0,3) 0
(19,0,4) 0
(19,0,5) 0
(19,0,6) 0
(19,0,7) 0
(19,0,8) 0
(19,0,9) 0
(19,0,10) 0
(19,1,1) 0
(19,1,2) 0
(19,1,3) 0
(19,1,4) 0
(19,1,5) 0
(19,1,6) 0
(19,1,7) 0
(19,1,8) 0
(19,1,9) 0
(19,1,10) 0
(20,0,1) 0
(20,0,2) 0
(20,0,3) 0
(20,0,4) 0
(20,0,5) 0
(20,0,6) 0
(20,0,7) 0
(20,0,8) 0
(20,0,9) 0
(20,0,10) 0
(20,1,1) 0
(20,1,2) 0
(20,1,3) 0
(20,1,4) 0
(20,1,5) 0
(20,1,6) 0
(20,1,7) 0
(20,1,8) 0
(20,1,9) 0
(20,1,10) 0

(0,0,0) 0
(1,0,0) 0
(2,0,1) 0
(2,0,2) 0
(2,0,3) 0
(2,0,4) 0
(2,0,5) 0
(2,0,6) 0
(2,0,7) 0
(2,0,8) 0
(2,0,9) 0
(2,0,10) 0
(2,1,1) 0
(2,1,2) 0
(2,1,3) 0
(2,1,4) 0
(2,1,5) 0
(2,1,6) 0
(2,1,7) 0
(2,1,8) 0
(2,1,9) 0
(2,1,10) 0
(3,0,1) 0
(3,0,2) 0
(3,0,3) 0
(3,0,4) 0
(3,0,5) 0
(3,0,6) 0
(3,0,7) 0
(3,0,8) 0
(3,0,9) 0
(3,0,10) 0
(3,1,1) 0
(3,1,2) 0
(3,1,3) 0
(3,1,4) 0
(3,1,5) 0
(3,1,6) 0
(3,1,7) 0
(3,1,8) 0
(3,1,9) 0
(3,1,10) 0
(4,0,1) 0
(4,0,2) 0
(4,0,3) 0
(4,0,4) 0
(4,0,5) 0
(4,0,6) 0
(4,0,7) 0
(4,0,8) 0
(4,0,9) 0
(4,0,10) 0
(4,1,1) 0
(4,1,2) 0
(4,1,3) 0
(4,1,4) 0
(4,1,5) 0
(4,1,6) 0
(4,1,7) 0
(4,1,8) 0
(4,1,9) 0
(4,1,10) 0
(5,0,1) 0
(5,0,2) 0
(5,0,3) 0
(5,0,4) 0
(5,0,5) 0
(5,0,6) 0
(5,0,7) 0
(5,0,8) 0
(5,0,9) 0
(5,0,10) 0
(5,1,1) 0
(5,1,2) 0
(5,1,3) 0
(5,1,4) 0
(5,1,5) 0
(5,1,6) 0
(5,1,7) 0
(5,1,8) 0
(5,1,9) 0
(5,1,10) 0
(6,0,1) 0
(6,0,2) 0
(6,0,3) 0
(6,0,4) 0
(6,0,5) 0
(6,0,6) 0
(6,0,7) 0
(6,0,8) 0
(6,0,9) 0
(6,0,10) 0
(6,1,1) 0
(6,1,2) 0
(6,1,3) 0
(6,1,4) 0
(6,1,5) 0
(6,1,6) 0
(6,1,7) 0
(6,1,8) 0
(6,1,9) 0
(6,1,10) 0
(7,0,1) 0
(7,0,2) 0
(7,0,3) 0
(7,0,4) 0
(7,0,5) 0
(7,0,6) 0
(7,0,7) 0
(7,0,8) 0
(7,0,9) 0
(7,0,10) 0
(7,1,1) 0
(7,1,2) 0
(7,1,3) 0
(7,1,4) 0
(7,1,5) 0
(7,1,6) 0
(7,1,7) 0
(7,1,8) 0
(7,1,9) 0
(7,1,10) 0
(8,0,1) 0
(8,0,2) 0
(8,0,3) 0
(8,0,4) 0
(8,0,5) 0
(8,0,6) 0
(8,0,7) 0
(8,0,8) 0
(8,0,9) 0
(8,0,10) 0
(8,1,1) 0
(8,1,2) 0
(8,1,3) 0
(8,1,4) 0
(8,1,5) 0
(8,1,6) 0
(8,1,7) 0
(8,1,8) 0
(8,1,9) 0
(8,1,10) 0
(9,0,1) 0
(9,0,2) 0
(9,0,3) 0
(9,0,4) 0
(9,0,5) 0
(9,0,6) 0
(9,0,7) 0
(9,0,8) 0
(9,0,9) 0
(9,0,10) 0
(9,1,1) 0
(9,1,2) 0
(9,1,3) 0
(9,1,4) 0
(9,1,5) 0
(9,1,6) 0
(9,1,7) 0
(9,1,8) 0
(9,1,9) 0
(9,1,10) 0
(10,0,1) 0
(10,0,2) 0
(10,0,3) 0
(10,0,4) 0
(10,0,5) 0
(10,0,6) 0
(10,0,7) 0
(10,0,8) 0
(10,0,9) 0
(10,0,10) 0
(10,1,1) 0
(10,1,2) 0
(10,1,3) 0
(10,1,4) 0
(10,1,5) 0
(10,1,6) 0
(10,1,7) 0
(10,1,8) 0
(10,1,9) 0
(10,1,10) 0
(11,0,1) 0
(11,0,2) 0
(11,0,3) 0
(11,0,4) 0
(11,0,5) 0
(11,0,6) 0
(11,0,7) 0
(11,0,8) 0
(11,0,9) 0
(11,0,10) 0
(11,1,1) 0
(11,1,2) 0
(11,1,3) 0
(11,1,4) 0
(11,1,5) 0
(11,1,6) 0
(11,1,7) 0
(11,1,8) 0
(11,1,9) 0
(11,1,10) 0
(12,0,1) 0
(12,0,2) 0
(12,0,3) 0
(12,0,4) 0
(12,0,5) 0
(12,0,6) 0
(12,0,7) 0
(12,0,8) 0
(12,0,9) 0
(12,0,10) 0
(12,1,1) 0
(12,1,2) 0
(12,1,3) 0
(12,1,4) 0
(12,1,5) 0
(12,1,6) 0
(12,1,7) 0
(12,1,8) 0
(12,1,9) 0
(12,1,10) 0
(13,0,1) 0
(13,0,2) 0
(13,0,3) 0
(13,0,4) 0
(13,0,5) 0
(13,0,6) 0
(13,0,7) 0
(13,0,8) 0
(13,0,9) 0
(13,0,10) 0
(13,1,1) 0
(13,1,2) 0
(13,1,3) 0
(13,1,4) 0
(13,1,5) 0
(13,1,6) 0
(13,1,7) 0
(13,1,8) 0
(13,1,9) 0
(13,1,10) 0
(14,0,1) 0
(14,0,2) 0
(14,0,3) 0
(14,0,4) 0
(14,0,5) 0
(14,0,6) 0
(14,0,7) 0
(14,0,8) 0
(14,0,9) 0
(14,0,10) 0
(14,1,1) 0
(14,1,2) 0
(14,1,3) 0
(14,1,4) 0
(14,1,5) 0
(14,1,6) 0
(14,1,7) 0
(14,1,8) 0
(14,1,9) 0
(14,1,10) 0
(15,0,1) 0
(15,0,2) 0
(15,0,3) 0
(15,0,4) 0
(15,0,5) 0
(15,0,6) 0
(15,0,7) 0
(15,0,8) 0
(15,0,9) 0
(15,0,10) 0
(15,1,1) 0
(15,1,2) 0
(15,1,3) 0
(15,1,4) 0
(15,1,5) 0
(15,1,6) 0
(15,1,7) 0
(15,1,8) 0
(15,1,9) 0
(15,1,10) 0
(16,0,1) 0
(16,0,2) 0
(16,0,3) 0
(16,0,4) 0
(16,0,5) 0
(16,0,6) 0
(16,0,7) 0
(16,0,8) 0
(16,0,9) 0
(16,0,10) 0
(16,1,1) 0
(16,1,2) 0
(16,1,3) 0
(16,1,4) 0
(16,1,5) 0
(16,1,6) 0
(16,1,7) 0
(16,1,8) 0
(16,1,9) 0
(16,1,10) 0
(17,0,1) 0
(17,0,2) 0
(17,0,3) 0
(17,0,4) 0
(17,0,5) 0
(17,0,6) 0
(17,0,7) 0
(17,0,8) 0
(17,0,9) 0
(17,0,10) 0
(17,1,1) 0
(17,1,2) 0
(17,1,3) 0
(17,1,4) 0
(17,1,5) 0
(17,1,6) 0
(17,1,7) 0
(17,1,8) 0
(17,1,9) 0
(17,1,10) 0
(18,0,1) 0
(18,0,2) 0
(18,0,3) 0
(18,0,4) 0
(18,0,5) 0
(18,0,6) 0
(18,0,7) 0
(18,0,8) 0
(18,0,9) 0
(18,0,10) 0
(18,1,1) 0
(18,1,2) 0
(18,1,3) 0
(18,1,4) 0
(18,1,5) 0
(18,1,6) 0
(18,1,7) 0
(18,1,8) 0
(18,1,9) 0
(18,1,10) 0
(19,0,1) 0
(19,0,2) 0
(19,0,3) 0
(19,0,4) 0
(19,0,5) 0
(19,0,6) 0
(19,0,7) 0
(19,0,8) 0
(19,0,9) 0
(19,0,10) 0
(19,1,1) 0
(19,1,2) 0
(19,1,3) 0
(19,1,4) 0
(19,1,5) 0
(19,1,6) 0
(19,1,7) 0
(19,1,8) 0
(19,1,9) 0
(19,1,10) 0
(20,0,1) 0
(20,0,2) 0
(20,0,3) 0
(20,0,4) 0
(20,0,5) 0
(20,0,6) 0
(20,0,7) 0
(20,0,8) 0
(20,0,9) 0
(20,0,10) 0
(20,1,1) 0
(20,1,2) 0
(20,1,3) 0
(20,1,4) 0
(20,1,5) 0
(20,1,6) 0
(20,1,7) 0
(20,1,8) 0
(20,1,9) 0
(20,1,10) 0

(0,0,0) 0
(1,0,0) 0
(2,0,1) 0
(2,0,2) 0
(2,0,3) 0
(2,0,4) 0
(2,0,5) 0
(2,0,6) 0
(2,0,7) 0
(2,0,8) 0
(2,0,9) 0
(2,0,10) 0
(2,1,1) 0
(2,1,2) 0
(2,1,3) 0
(2,1,4) 0
(2,1,5) 0
(2,1,6) 0
(2,1,7) 0
(2,1,8) 0
(2,1,9) 0
(2,1,10) 0
(3,0,1) 0
(3,0,2) 0
(3,0,3) 0
(3,0,4) 0
(3,0,5) 0
(3,0,6) 0
(3,0,7) 0
(3,0,8) 0
(3,0,9) 0
(3,0,10) 0
(3,1,1) 0
(3,1,2) 0
(3,1,3) 0
(3,1,4) 0
(3,1,5) 0
(3,1,6) 0
(3,1,7) 0
(3,1,8) 0
(3,1,9) 0
(3,1,10) 0
(4,0,1) 0
(4,0,2) 0
(4,0,3) 0
(4,0,4) 0
(4,0,5) 0
(4,0,6) 0
(4,0,7) 0
(4,0,8) 0
(4,0,9) 0
(4,0,10) 0
(4,1,1) 0
(4,1,2) 0
(4,1,3) 0
(4,1,4) 0
(4,1,5) 0
(4,1,6) 0
(4,1,7) 0
(4,1,8) 0
(4,1,9) 0
(4,1,10) 0
(5,0,1) 0
(5,0,2) 0
(5,0,3) 0
(5,0,4) 0
(5,0,5) 0
(5,0,6) 0
(5,0,7) 0
(5,0,8) 0
(5,0,9) 0
(5,0,10) 0
(5,1,1) 0
(5,1,2) 0
(5,1,3) 0
(5,1,4) 0
(5,1,5) 0
(5,1,6) 0
(5,1,7) 0
(5,1,8) 0
(5,1,9) 0
(5,1,10) 0
(6,0,1) 0
(6,0,2) 0
(6,0,3) 0
(6,0,4) 0
(6,0,5) 0
(6,0,6) 0
(6,0,7) 0
(6,0,8) 0
(6,0,9) 0
(6,0,10) 0
(6,1,1) 0
(6,1,2) 0
(6,1,3) 0
(6,1,4) 0
(6,1,5) 0
(6,1,6) 0
(6,1,7) 0
(6,1,8) 0
(6,1,9) 0
(6,1,10) 0
(7,0,1) 0
(7,0,2) 0
(7,0,3) 0
(7,0,4) 0
(7,0,5) 0
(7,0,6) 0
(7,0,7) 0
(7,0,8) 0
(7,0,9) 0
(7,0,10) 0
(7,1,1) 0
(7,1,2) 0
(7,1,3) 0
(7,1,4) 0
(7,1,5) 0
(7,1,6) 0
(7,1,7) 0
(7,1,8) 0
(7,1,9) 0
(7,1,10) 0
(8,0,1) 0
(8,0,2) 0
(8,0,3) 0
(8,0,4) 0
(8,0,5) 0
(8,0,6) 0
(8,0,7) 0
(8,0,8) 0
(8,0,9) 0
(8,0,10) 0
(8,1,1) 0
(8,1,2) 0
(8,1,3) 0
(8,1,4) 0
(8,1,5) 0
(8,1,6) 0
(8,1,7) 0
(8,1,8) 0
(8,1,9) 0
(8,1,10) 0
(9,0,1) 0
(9,0,2) 0
(9,0,3) 0
(9,0,4) 0
(9,0,5) 0
(9,0,6) 0
(9,0,7) 0
(9,0,8) 0
(9,0,9) 0
(9,0,10) 0
(9,1,1) 0
(9,1,2) 0
(9,1,3) 0
(9,1,4) 0
(9,1,5) 0
(9,1,6) 0
(9,1,7) 0
(9,1,8) 0
(9,1,9) 0
(9,1,10) 0
(10,0,1) 0
(10,0,2) 0
(10,0,3) 0
(10,0,4) 0
(10,0,5) 0
(10,0,6) 0
(10,0,7) 0
(10,0,8) 0
(10,0,9) 0
(10,0,10) 0
(10,1,1) 0
(10,1,2) 0
(10,1,3) 0
(10,1,4) 0
(10,1,5) 0
(10,1,6) 0
(10,1,7) 0
(10,1,8) 0
(10,1,9) 0
(10,1,10) 0
(11,0,1) 0
(11,0,2) 0
(11,0,3) 0
(11,0,4) 0
(11,0,5) 0
(11,0,6) 0
(11,0,7) 0
(11,0,8) 0
(11,0,9) 0
(11,0,10) 0
(11,1,1) 0
(11,1,2) 0
(11,1,3) 0
(11,1,4) 0
(11,1,5) 0
(11,1,6) 0
(11,1,7) 0
(11,1,8) 0
(11,1,9) 0
(11,1,10) 0
(12,0,1) 0
(12,0,2) 0
(12,0,3) 0
(12,0,4) 0
(12,0,5) 0
(12,0,6) 0
(12,0,7) 0
(12,0,8) 0
(12,0,9) 0
(12,0,10) 0
(12,1,1) 0
(12,1,2) 0
(12,1,3) 0
(12,1,4) 0
(12,1,5) 0
(12,1,6) 0
(12,1,7) 0
(12,1,8) 0
(12,1,9) 0
(12,1,10) 0
(13,0,1) 0
(13,0,2) 0
(13,0,3) 0
(13,0,4) 0
(13,0,5) 0
(13,0,6) 0
(13,0,7) 0
(13,0,8) 0
(13,0,9) 0
(13,0,10) 0
(13,1,1) 0
(13,1,2) 0
(13,1,3) 0
(13,1,4) 0
(13,1,5) 0
(13,1,6) 0
(13,1,7) 0
(13,1,8) 0
(13,1,9) 0
(13,1,10) 0
(14,0,1) 0
(14,0,2) 0
(14,0,3) 0
(14,0,4) 0
(14,0,5) 0
(14,0,6) 0
(14,0,7) 0
(14,0,8) 0
(14,0,9) 0
(14,0,10) 0
(14,1,1) 0
(14,1,2) 0
(14,1,3) 0
(14,1,4) 0
(14,1,5) 0
(14,1,6) 0
(14,1,7) 0
(14,1,8) 0
(14,1,9) 0
(14,1,10) 0
(15,0,1) 0
(15,0,2) 0
(15,0,3) 0
(15,0,4) 0
(15,0,5) 0
(15,0,6) 0
(15,0,7) 0
(15,0,8) 0
(15,0,9) 0
(15,0,10) 0
(15,1,1) 0
(15,1,2) 0
(15,1,3) 0
(15,1,4) 0
(15,1,5) 0
(15,1,6) 0
(15,1,7) 0
(15,1,8) 0
(15,1,9) 0
(15,1,10) 0
(16,0,1) 0
(16,0,2) 0
(16,0,3) 0
(16,0,4) 0
(16,0,5) 0
(16,0,6) 0
(16,0,7) 0
(16,0,8) 0
(16,0,9) 0
(16,0,10) 0
(16,1,1) 0
(16,1,2) 0
(16,1,3) 0
(16,1,4) 0
(16,1,5) 0
(16,1,6) 0
(16,1,7) 0
(16,1,8) 0
(16,1,9) 0
(16,1,10) 0
(17,0,1) 0
(17,0,2) 0
(17,0,3) 0
(17,0,4) 0
(17,0,5) 0
(17,0,6) 0
(17,0,7) 0
(17,0,8) 0
(17,0,9) 0
(17,0,10) 0
(17,1,1) 0
(17,1,2) 0
(17,1,3) 0
(17,1,4) 0
(17,1,5) 0
(17,1,6) 0
(17,1,7) 0
(17,1,8) 0
(17,1,9) 0
(17,1,10) 0
(18,0,1) 0
(18,0,2) 0
(18,0,3) 0
(18,0,4) 0
(18,0,5) 0
(18,0,6) 0
(18,0,7) 0
(18,0,8) 0
(18,0,9) 0
(18,0,10) 0
(18,1,1) 0
(18,1,2) 0
(18,1,3) 0
(18,1,4) 0
(18,1,5) 0
(18,1,6) 0
(18,1,7) 0
(18,1,8) 0
(18,1,9) 0
(18,1,10) 0
(19,0,1) 0
(19,0,2) 0
(19,0,3) 0
(19,0,4) 0
(19,0,5) 0
(19,0,6) 0
(19,0,7) 0
(19,0,8) 0
(19,0,9) 0
(19,0,10) 0
(19,1,1) 0
(19,1,2) 0
(19,1,3) 0
(19,1,4) 0
(19,1,5) 0
(19,1,6) 0
(19,1,7) 0
(19,1,8) 0
(19,1,9) 0
(19,1,10) 0
(20,0,1) 0
(20,0,2) 0
(20,0,3) 0
(20,0,4) 0
(20,0,5) 0
(20,0,6) 0
(20,0,7) 0
(20,0,8) 0
(20,0,9) 0
(20,0,10) 0
(20,1,1) 0
(20,1,2) 0
(20,1,3) 0
(20,1,4) 0
(20,1,5) 0
(20,1,6) 0
(20,1,7) 0
(20,1,8) 0
(20,1,9) 0
(20,1,10) 0

(0,0,0) [0,0]
(1,0,0) [0,0]
(2,0,1) [0,0]
(2,0,2) [0,0]
(2,0,3) [0,0]
(2,0,4) [0,0]
(2,0,5) [0,0]
(2,0,6) [0,0]
(2,0,7) [0,0]
(2,0,8) [0,0]
(2,0,9) [0,0]
(2,0,10) [0,0]
(2,1,1) [32,14]
(2,1,2) [34,8]
(2,1,3) [34,5]
(2,1,4) [34,11]
(2,1,5) [30,8]
(2,1,6) [29,10]
(2,1,7) [21,13]
(2,1,8) [44,9]
(2,1,9) [40,8]
(2,1,10) [122,31]
(3,0,1) [0,0]
(3,0,2) [0,0]
(3,0,3) [0,0]
(3,0,4) [0,0]
(3,0,5) [0,0]
(3,0,6) [0,0]
(3,0,7) [0,0]
(3,0,8) [0,0]
(3,0,9) [0,0]
(3,0,10) [0,0]
(3,1,1) [65,21]
(3,1,2) [59,19]
(3,1,3) [59,19]
(3,1,4) [58,16]
(3,1,5) [72,20]
(3,1,6) [54,17]
(3,1,7) [64,24]
(3,1,8) [64,16]
(3,1,9) [57,19]
(3,1,10) [269,86]
(4,0,1) [44,9]
(4,0,2) [44,9]
(4,0,3) [32,10]
(4,0,4) [36,6]
(4,0,5) [28,11]
(4,0,6) [31,11]
(4,0,7) [39,8]
(4,0,8) [32,11]
(4,0,9) [24,7]
(4,0,10) [134,38]
(4,1,1) [59,20]
(4,1,2) [60,17]
(4,1,3) [71,13]
(4,1,4) [63,20]
(4,1,5) [61,12]
(4,1,6) [79,14]
(4,1,7) [78,15]
(4,1,8) [84,20]
(4,1,9) [67,12]
(4,1,10) [272,62]
(5,0,1) [61,15]
(5,0,2) [57,14]
(5,0,3) [53,18]
(5,0,4) [54,15]
(5,0,5) [59,13]
(5,0,6) [70,22]
(5,0,7) [74,22]
(5,0,8) [63,18]
(5,0,9) [63,15]
(5,0,10) [270,62]
(5,1,1) [81,12]
(5,1,2) [66,23]
(5,1,3) [68,36]
(5,1,4) [73,32]
(5,1,5) [75,18]
(5,1,6) [81,17]
(5,1,7) [74,26]
(5,1,8) [59,17]
(5,1,9) [77,17]
(5,1,10) [319,77]
(6,0,1) [119,26]
(6,0,2) [109,28]
(6,0,3) [108,22]
(6,0,4) [107,23]
(6,0,5) [104,31]
(6,0,6) [100,34]
(6,0,7) [91,24]
(6,0,8) [119,30]
(6,0,9) [78,31]
(6,0,10) [393,104]
(6,1,1) [72,17]
(6,1,2) [70,34]
(6,1,3) [59,29]
(6,1,4) [72,19]
(6,1,5) [66,30]
(6,1,6) [67,28]
(6,1,7) [71,31]
(6,1,8) [86,22]
(6,1,9) [94,32]
(6,1,10) [348,94]
(7,0,1) [143,38]
(7,0,2) [118,33]
(7,0,3) [141,36]
(7,0,4) [120,38]
(7,0,5) [135,29]
(7,0,6) [123,35]
(7,0,7) [132,30]
(7,0,8) [145,38]
(7,0,9) [131,40]
(7,0,10) [501,146]
(7,1,1) [100,21]
(7,1,2) [63,32]
(7,1,3) [100,18]
(7,1,4) [64,37]
(7,1,5) [84,34]
(7,1,6) [75,28]
(7,1,7) [92,27]
(7,1,8) [95,21]
(7,1,9) [84,28]
(7,1,10) [316,120]
(8,0,1) [191,37]
(8,0,2) [160,45]
(8,0,3) [173,47]
(8,0,4) [171,42]
(8,0,5) [165,43]
(8,0,6) [182,41]
(8,0,7) [179,52]
(8,0,8) [167,41]
(8,0,9) [169,54]
(8,0,10) [696,185]
(8,1,1) [86,27]
(8,1,2) [98,35]
(8,1,3) [70,46]
(8,1,4) [69,44]
(8,1,5) [88,27]
(8,1,6) [80,42]
(8,1,7) [67,65]
(8,1,8) [88,35]
(8,1,9) [86,42]
(8,1,10) [347,124]
(9,0,1) [235,55]
(9,0,2) [217,62]
(9,0,3) [199,43]
(9,0,4) [216,67]
(9,0,5) [221,53]
(9,0,6) [213,51]
(9,0,7) [234,56]
(9,0,8) [229,60]
(9,0,9) [220,43]
(9,0,10) [875,192]
(9,1,1) [66,77]
(9,1,2) [67,55]
(9,1,3) [67,32]
(9,1,4) [45,106]
(9,1,5) [53,58]
(9,1,6) [36,67]
(9,1,7) [44,90]
(9,1,8) [53,85]
(9,1,9) [84,45]
(9,1,10) [248,271]
(10,0,1) [275,58]
(10,0,2) [283,53]
(10,0,3) [256,58]
(10,0,4) [235,60]
(10,0,5) [272,65]
(10,0,6) [267,77]
(10,0,7) [239,62]
(10,0,8) [291,57]
(10,0,9) [283,63]
(10,0,10) [1007,269]
(10,1,1) [94,44]
(10,1,2) [60,50]
(10,1,3) [66,69]
(10,1,4) [53,79]
(10,1,5) [63,78]
(10,1,6) [49,108]
(10,1,7) [24,99]
(10,1,8) [45,108]
(10,1,9) [25,103]
(10,1,10) [192,361]
(11,0,1) [322,80]
(11,0,2) [320,67]
(11,0,3) [324,88]
(11,0,4) [300,72]
(11,0,5) [334,88]
(11,0,6) [301,83]
(11,0,7) [311,74]
(11,0,8) [291,77]
(11,0,9) [286,83]
(11,0,10) [1201,320]
(11,1,1) [0,0]
(11,1,2) [0,0]
(11,1,3) [0,0]
(11,1,4) [0,0]
(11,1,5) [0,0]
(11,1,6) [0,0]
(11,1,7) [0,0]
(11,1,8) [0,0]
(11,1,9) [0,0]
(11,1,10) [0,0]
(12,0,1) [578,138]
(12,0,2) [599,130]
(12,0,3) [631,152]
(12,0,4) [585,168]
(12,0,5) [609,168]
(12,0,6) [593,141]
(12,0,7) [617,177]
(12,0,8) [599,146]
(12,0,9) [595,141]
(12,0,10) [2433,630]
(12,1,1) [0,0]
(12,1,2) [0,0]
(12,1,3) [0,0]
(12,1,4) [0,0]
(12,1,5) [0,0]
(12,1,6) [0,0]
(12,1,7) [0,0]
(12,1,8) [0,0]
(12,1,9) [0,0]
(12,1,10) [0,0]
(13,0,1) [638,160]
(13,0,2) [578,169]
(13,0,3) [602,146]
(13,0,4) [566,146]
(13,0,5) [553,142]
(13,0,6) [613,141]
(13,0,7) [583,167]
(13,0,8) [656,165]
(13,0,9) [577,129]
(13,0,10) [2509,614]
(13,1,1) [0,0]
(13,1,2) [0,0]
(13,1,3) [0,0]
(13,1,4) [0,0]
(13,1,5) [0,0]
(13,1,6) [0,0]
(13,1,7) [0,0]
(13,1,8) [0,0]
(13,1,9) [0,0]
(13,1,10) [0,0]
(14,0,1) [651,164]
(14,0,2) [641,156]
(14,0,3) [589,188]
(14,0,4) [635,159]
(14,0,5) [618,152]
(14,0,6) [618,156]
(14,0,7) [617,141]
(14,0,8) [613,149]
(14,0,9) [631,145]
(14,0,10) [2491,638]
(14,1,1) [0,0]
(14,1,2) [0,0]
(14,1,3) [0,0]
(14,1,4) [0,0]
(14,1,5) [0,0]
(14,1,6) [0,0]
(14,1,7) [0,0]
(14,1,8) [0,0]
(14,1,9) [0,0]
(14,1,10) [0,0]
(15,0,1) [671,176]
(15,0,2) [585,198]
(15,0,3) [475,283]
(15,0,4) [523,250]
(15,0,5) [609,165]
(15,0,6) [607,169]
(15,0,7) [612,194]
(15,0,8) [593,184]
(15,0,9) [593,154]
(15,0,10) [2626,706]
(15,1,1) [0,0]
(15,1,2) [0,0]
(15,1,3) [0,0]
(15,1,4) [0,0]
(15,1,5) [0,0]
(15,1,6) [0,0]
(15,1,7) [0,0]
(15,1,8) [0,0]
(15,1,9) [0,0]
(15,1,10) [0,0]
(16,0,1) [658,181]
(16,0,2) [271,500]
(16,0,3) [294,441]
(16,0,4) [223,569]
(16,0,5) [376,417]
(16,0,6) [586,188]
(16,0,7) [626,181]
(16,0,8) [583,213]
(16,0,9) [651,213]
(16,0,10) [2339,736]
(16,1,1) [0,0]
(16,1,2) [0,0]
(16,1,3) [0,0]
(16,1,4) [0,0]
(16,1,5) [0,0]
(16,1,6) [0,0]
(16,1,7) [0,0]
(16,1,8) [0,0]
(16,1,9) [0,0]
(16,1,10) [0,0]
(17,0,1) [669,180]
(17,0,2) [153,578]
(17,0,3) [249,504]
(17,0,4) [178,607]
(17,0,5) [287,475]
(17,0,6) [182,625]
(17,0,7) [322,462]
(17,0,8) [523,326]
(17,0,9) [513,261]
(17,0,10) [810,2305]
(17,1,1) [0,0]
(17,1,2) [0,0]
(17,1,3) [0,0]
(17,1,4) [0,0]
(17,1,5) [0,0]
(17,1,6) [0,0]
(17,1,7) [0,0]
(17,1,8) [0,0]
(17,1,9) [0,0]
(17,1,10) [0,0]
(18,0,1) [290,518]
(18,0,2) [138,585]
(18,0,3) [160,560]
(18,0,4) [143,525]
(18,0,5) [194,597]
(18,0,6) [154,606]
(18,0,7) [151,586]
(18,0,8) [253,549]
(18,0,9) [257,561]
(18,0,10) [596,2427]
(18,1,1) [0,0]
(18,1,2) [0,0]
(18,1,3) [0,0]
(18,1,4) [0,0]
(18,1,5) [0,0]
(18,1,6) [0,0]
(18,1,7) [0,0]
(18,1,8) [0,0]
(18,1,9) [0,0]
(18,1,10) [0,0]
(19,0,1) [187,646]
(19,0,2) [155,559]
(19,0,3) [141,542]
(19,0,4) [152,544]
(19,0,5) [138,557]
(19,0,6) [143,586]
(19,0,7) [121,575]
(19,0,8) [161,637]
(19,0,9) [161,605]
(19,0,10) [615,2194]
(19,1,1) [0,0]
(19,1,2) [0,0]
(19,1,3) [0,0]
(19,1,4) [0,0]
(19,1,5) [0,0]
(19,1,6) [0,0]
(19,1,7) [0,0]
(19,1,8) [0,0]
(19,1,9) [0,0]
(19,1,10) [0,0]
(20,0,1) [246,879]
(20,0,2) [224,779]
(20,0,3) [190,779]
(20,0,4) [188,804]
(20,0,5) [242,833]
(20,0,6) [225,794]
(20,0,7) [195,816]
(20,0,8) [230,856]
(20,0,9) [224,811]
(20,0,10) [840,3436]
(20,1,1) [0,0]
(20,1,2) [0,0]
(20,1,3) [0,0]
(20,1,4) [0,0]
(20,1,5) [0,0]
(20,1,6) [0,0]
(20,1,7) [0,0]
(20,1,8) [0,0]
(20,1,9) [0,0]
(20,1,10) [0,0]

